15
53
18
33
11
84
56
10
20
87
99
82
8
45
72
77
96
42
10
18
87
2
47
35
58
78
49
15
16
75
36
4
95
59
53
23
37
70
31
90
32
50
78
84
62
99
59
67
38
98
83
33
11
19
36
64
26
90
94
49
64
98
1
91
18
24
98
19
55
21
94
79
95
100
12
27
10
57
78
16
99
72
38
33
21
72
7
41
34
24
79
90
13
57
81
60
63
81
78
70
64
8
39
22
51
70
75
85
26
80
80
5
36
53
68
31
63
15
74
93
82
55
14
45
37
3838
50
80
78
98
77
79
93
71
8

96
18
72
23
74
50
84
71
88
52
96
70
84
75
88
96
97
69
34
24
13
66
10
72
90
40
7
76
87
1
75
70
100
7
23
24
3
82
39
93
9
68
52
8
54
82
36
59
63
82
11
4
82
28
95
21
91
100
1
59
12
69
96
5
54
58
34
49
86
76
76
47
61
80
76
57
13
40
79
58
13
92
32
3
91
58
47
43
83
26
59
45
30
64
36
79
36
51
60
61
63
19
15
43
89
49
32
93
18
45
26
57
64
30
85
1
89
22
41
98
62
96
5

19
31
35
37
48
68
44
51
55
51
50
8
66
86
17
34
39
27
96
52
76
92
99
20
91
37
15
17
38
4
67
87
20
14
55
75
29
88
42
69
77
50
12
53
26
29
58
37
17
30
79
98
31
28
29
35
7
71
5
97
60
50
69
24
37
18
50
21
55
21
75
90
59
9

51
4
22
2
53
7
36
46
38
3
39
66
7
18
82
2
25
26
37
21
94
12
58
33
76
4
33
64
84
62
18
53
92
85
24
77
28
73
24

52
3
85
35
12
95
43
15
25
58
80
25
70
9
21
5
75
49
41
90
43
54
62
84
5
24
91
62
12
79
14
68
29
3
25
89
92
3
99
39
36
31
43
83
5
26
66
51
90
56
92
89
5
84
78
37
64
32
67
1
50
94
10
29
14
36
96
48
95
18
99
32
33
28
77
31
3
20
6
13
34
8
39
80
12
2
86
51
94
34
29
28
74
60
35
88
55
40
5
73
100
60
48
80
72
84
45
2
68
76
69
27
11
59
81
62
90
84
88

20
50
26
73
13
77
37
5
10
24
3

73
85
47
69
42
33
100
57
21
5
29
64
90
14
28
17
65
65
61
99
19
34
53
6

80
41
28
30
60
39
47
47
16
34
62
6
7
40
54
38
30
79
49
89
3
50
1
98
21
40
60
80
94
91
37
85
99
38
88
61
65
78
41
51
7
67
65
59
39
18
27
77
20
74
30
87
71
70
59
46
100
89
13
82
59
66
39
61
13
47
7
92
65
85
12
39
80
66
39
98
79
39
21
74
65
28
81
85
44
73
35
13
39
2
89
98
6
51
39
85
71
45
67
57
27
51
74
59
37
77
23
38
79
89
89
20
1
34
89
89
23
58
90
92
3
58
87
36
85
53
8
74
13
84
11
4
60
23
92
82
42
35
15
55
75
2
38
12
62
24
12
8
70
3
12
80
58
79
100
56
19
18
86
66
69
58
81
96
73
60
14
16
56
57
19
35
61
1
18
69
66
91
62
31
8
3
21
5
22
12
60
84
80
30
24
10
49
59
18
18
92
73
27
88
24
97
1
9
4

84
47
8

85
9
62
53
86
61
85
77
99
58
33
59
62
13
35
36
100
15
73
23
20
47
24
35
81
55
45
62
42
29
4
19
100
50
29
72
7
54
73
99
51
68
56
79
15
53
82
25
10
5
67
75
91
24
28
43
84
47
68
21
36
58
71
22
10
93
92
65
56
64
43
57
61
73
94
24
89
52
74
82
62
29
28
61
78
31
96
55
31
91
91
63
89
100
6
71
37
7
76
89
21
76
73
81
61
53
22
24
49
30
47
5
54
23
50
77
24
5
10
21
19
36
92
54
18
56
16
4
33
64
95
48
20
84
43
95
7
63
23
32
61
23
7
20
88
34
20
30
92
78
92
61
47
85
72
81
95
81
54
89
41
1
58
67
36
13
34
16
23
47
71
70
73
35
2
14
43
18
84
97
24
56
94
12
49
49
98
49
6
60
85
81
18
69
43
10
59
43
88
20
59
88
54
18
51
60
90
18
28
18
16
66
20
38
88
18
63
8
100
53
52
93
37
82
70
25
48
99
46
6
95
37
4
33
89
37
91
15
80
7
57
100
25
89
20
72
49
63
10
37
77
53
99
48
86
91
67
87
98
9
67
83
6
35
81
37
39
57
95
71
9
44
15
82
73
76
